*****************************
Name:        Tarandeep
Class:       CS30S
Assignment:  A 1.5
*****************************

3
6
22
45
22
20
36
46
21
4
47
2
6
4
33
8
31
6
2
8
35
13
44
8
2
27
26
34
22
2
9
39
46
26
20
27
21
4
15
33
31
34
0
26
37
7
47
17
35
8
23
12
27
20
27
14
18
5
15
22
2
45
27
36
41
49
26
29
41
8
47
29
19
45
36
2
21
8
26
18
11
33
41
14
9
25
2
25
2
41
32
9
15
41
14
6
5
36
18
11
35
2
28
38
39
24
22
2
35
14
14
18
25
46
41
34
21
28
37
8
23
32
24
23
7
32
10
16
24
34
3
33
13
29
38
43
2
46
34
5
25
26
27
39
31
12
8
2
11
44
30
26
13
11
30
29
44
43
40
3
4
5
4
7
1
37
27
18
28
46
35
21
6
40
18
26
38
3
40
22
2
21
19
42
48
33
5
45
43
13
26
34
1
27
44
4
14
49
13
37
30
16
19
49
32
14
15
36
19
10
45
41
48
6
28
27
13
32
16
1
15
35
11
19
16
15
45
17
22
41
24
42
31
18
41
4
17
1
25
10
5
46
0
45
41
17
45
31
15
3
48
45
2
39
25
49
3
36
49
12
34
19
36
25
29
13
36
2
23
23
24
39
32
13
0
42
18
2
0
5
2
21
47
41
4
23
45
15
0
49
13
44
46
11
32
17
28
14
3
43
28
20
25
42
20
0
44
38
47
42
33
12
21
4
44
25
22
25
37
18
13
4
32
6
18
43
31
28
21
4
29
6
19
7
40
31
40
2
10
9
20
29
37
19
25
19
41
29
4
47
24
23
39
46
33
12
39
28
19
3
39
18
37
11
33
22
12
27
31
17
11
45
25
15
0
15
26
13
25
32
12
30
23
25
7
48
41
37
18
7
11
41
6
46
16
20
45
5
2
25
47
6
45
43
40
8
45
14
7
39
34
24
29
1
36
33
20
36
16
38
21
44
41
45
9
9
33
9
26
26
16
6
16
42
18
41
35
7
46
27
2
47
49
47
32
5
39
49
42
35
30
29
12
16
39
28
13
0
27
40
46
19
26
35
4
31
19
25
41
22
30
17
9
6
3
48
45
48
12
30
47
34
38
28
2
18
13
30
10
39
20
49
15
29
10
40
5
44
16
3
14
45
35
45
28
25
5
6
8
8
23
31
19
48
9
37
21
5
36
18
4
46
23
23
18
19
34
0
7
46
7
33
28
1
43
22
41
30
41
27
32
23
42
42
48
3
42
2
8
49
24
39
16
44
14
16
25
27
12
4
39
20
25
12
22
40
10
10
18
36
23
12
33
6
19
8
48
25
45
38
13
44
30
42
49
19
48
26
44
47
2
49
34
0
25
6
46
32
30
46
32
7
20
41
11
22
43
16
2
3
45
43
36
16
34
24
15
47
49
37
19
7
29
46
3
48
8
45
32
29
39
41
3
16
11
25
0
34
3
9
36
1
20
17
0
28
26
30
13
48
24
7
5
1
6
5
24
18
27
37
35
36
15
10
22
32
36
44
10
28
47
32
31
43
9
38
2
48
6
38
22
48
13
19
39
4
19
41
11
7
38
44
44
18
12
34
22
37
31
19
45
14
26
16
36
39
26
30
48
10
29
35
0
23
29
41
39
15
3
7
26
49
15
15
2
37
22
3
9
19
29
47
23
28
43
48
1
9
32
38
22
37
41
40
9
45
0
37
0
23
14
42
24
20
45
48
16
45
8
30
26
11
17
26
38
31
6
28
42
31
42
6
17
7
41
11
18
4
21
43
32
48
5
3
12
31
2
38
2
8
31
48
20
37
26
6
16
9
46
7
36
31
41
44
39
29
21
0
44
6
13
45
9
8
16
2
11
37
10
26
42
16
17
38
5
17
24
22
1
0
17
8
30
5
44
8
38
15
19
48
39
19
37
13
44
17
22
44
1
21
0
23
24
40
19
35
25
12
34
29
41
3
7
43
49
41
6
30
27
14
26
19
48
7
0
46
20
40
37
0
24
4
38
36
14
28
42
18
9
13
22
13
35
44
38
11
19
9
26
41
25
37
38
34
3
27
37
28
33
4
25
45
46
36
7
9
3
46
4
12
32
30
45
35
21
13
3
18
24
9
7
5
40
45
8
24
4
37
29
25
43
2
20
34
49
37
12
37
17
33
32
43
6
44
19
21
13
40
16
7
35
35
16
44
34
28
17
13
45
23
42
13
49
44
8
18
27
2
26
38
42
47
0
4
40
14
9
44
48
26
38
0
25
41
27
22
48
2
19
2
End of Processing
